000 000
000 001
000 002
000 003
000 004
000 005
000 006
000 007
000 008
000 009
000 010
000 011
000 012
000 013
000 014
000 015
000 016
000 017
000 018
000 019
000 020
000 021
000 022
000 023
000 024
000 025
000 026
000 027
000 028
000 029
000 030
000 031
000 032
000 033
000 034
000 035
000 036
000 037
000 038
000 039
000 040
000 041
000 042
000 043
000 044
000 045
000 046
000 047
000 048
000 049
000 050
000 051
000 052
000 053
000 054
000 055
000 056
000 057
000 058
000 059
000 060
000 061
000 062
000 063
000 064
000 065
000 066
000 067
000 068
000 069
000 070
000 071
000 072
000 073
000 074
000 075
000 076
000 077
000 078
000 079
000 080
000 081
000 082
000 083
000 084
000 085
000 086
000 087
000 088
000 089
000 090
000 091
000 092
000 093
000 094
000 095
000 096
000 097
000 098
000 099
000 100
000 101
000 102
000 103
000 104
000 105
000 106
000 107
000 108
000 109
000 110
000 111
000 112
000 113
000 114
000 115
000 116
000 117
000 118
000 119
000 120
000 121
000 122
000 123
000 124
000 125
000 126
000 127
008 004
008 005
008 006
008 014
008 016
008 017
008 019
008 021
008 024
008 025
008 026
008 028
008 030
008 031
008 038
008 039
008 040
008 048
008 050
008 061
008 062
008 063
008 080
008 107
008 115
008 116
008 117
008 118
009 125
016 025
128 000
128 001
128 002
128 003
128 004
128 005
128 006
128 007
128 008
128 009
128 010
128 011
128 012
128 013
128 014
128 015
128 016
128 017
128 018
128 019
128 024
128 025
128 032
128 033
128 034
128 035
128 036
128 040
128 041
128 042
128 048